Currency, Date, Price, Open, High, Low
VNIndex, 07/23/2023, 1199.58, 1185.90, 1200.04, 1183.39
VNIndex, 07/16/2023, 1185.90, 1171.75, 1185.90, 1166.62
VNIndex, 45176, 1168.40, 1138.07, 1169.84, 1138.07
VNIndex, 44964, 1138.07, 1120.18, 1138.67, 1120.18
VNIndex, 06/25/2023, 1120.18, 1129.38, 1140.56, 1119.95
VNIndex, 06/18/2023, 1129.38, 1115.22, 1130.61, 1102.58
VNIndex, 45236, 1115.22, 1110.26, 1129.49, 1100.08
VNIndex, 45022, 1107.53, 1090.84, 1115.14, 1090.84
VNIndex, 05/28/2023, 1090.84, 1063.76, 1092.24, 1063.76
VNIndex, 05/21/2023, 1063.76, 1067.07, 1073.96, 1057.91
VNIndex, 05/14/2023, 1067.07, 1066.90, 1076.32, 1058.56
VNIndex, 45112, 1066.90, 1040.31, 1066.90, 1040.31
VNIndex, 04/30/2023, 1040.31, 1049.12, 1049.12, 1036.69
VNIndex, 04/23/2023, 1049.12, 1042.91, 1049.12, 1029.19
VNIndex, 04/16/2023, 1042.91, 1052.89, 1058.14, 1041.26
VNIndex, 45173, 1052.89, 1073.86, 1075.54, 1052.89
VNIndex, 44961, 1069.71, 1064.64, 1084.52, 1063.70
VNIndex, 03/26/2023, 1064.64, 1047.78, 1067.55, 1041.99
VNIndex, 03/19/2023, 1046.79, 1045.14, 1052.29, 1017.05
VNIndex, 45263, 1045.14, 1053.00, 1062.55, 1034.72
VNIndex, 45049, 1053.00, 1024.77, 1060.56, 1024.77
VNIndex, 02/26/2023, 1024.77, 1039.56, 1043.80, 1013.37
VNIndex, 02/19/2023, 1039.56, 1059.74, 1095.10, 1030.58
VNIndex, 45262, 1059.31, 1055.30, 1062.25, 1031.70
VNIndex, 45048, 1055.30, 1077.15, 1092.12, 1054.08
VNIndex, 01/29/2023, 1077.15, 1117.10, 1118.46, 1070.46
VNIndex, 01/22/2023, 1117.10, 1108.08, 1124.30, 1108.08
VNIndex, 01/15/2023, 1108.08, 1060.17, 1111.72, 1057.87
VNIndex, 45139, 1060.17, 1058.28, 1066.39, 1045.75
VNIndex, 44927, 1051.44, 1007.09, 1065.58, 1007.09
VNIndex, 12/25/2022, 1007.09, 1020.34, 1021.96, 983.67
VNIndex, 12/18/2022, 1020.34, 1052.48, 1065.59, 1005.43
VNIndex, 44877, 1052.48, 1051.81, 1065.16, 1026.30
VNIndex, 44663, 1051.81, 1080.01, 1099.45, 1034.92
VNIndex, 11/27/2022, 1080.01, 971.46, 1080.01, 971.46
VNIndex, 11/20/2022, 971.46, 969.33, 985.28, 934.31
VNIndex, 11/13/2022, 969.33, 954.53, 972.88, 873.78
VNIndex, 44723, 954.53, 997.15, 997.15, 935.78
VNIndex, 10/30/2022, 997.15, 1028.24, 1043.53, 974.61
VNIndex, 10/23/2022, 1027.36, 1019.82, 1044.57, 962.45
VNIndex, 10/16/2022, 1019.82, 1061.85, 1071.74, 1013.69
VNIndex, 44814, 1061.85, 1035.91, 1068.12, 998.64
VNIndex, 44602, 1035.91, 1132.11, 1132.11, 1022.38
VNIndex, 09/25/2022, 1132.11, 1203.28, 1203.28, 1099.44
VNIndex, 09/18/2022, 1203.28, 1234.03, 1234.03, 1196.64
VNIndex, 44874, 1234.03, 1248.78, 1257.80, 1228.51
VNIndex, 44660, 1248.78, 1280.51, 1286.92, 1228.54
VNIndex, 08/28/2022, 1280.51, 1282.57, 1287.65, 1249.17
VNIndex, 08/21/2022, 1282.57, 1269.18, 1295.12, 1253.45
VNIndex, 08/14/2022, 1269.18, 1262.33, 1283.15, 1262.33
VNIndex, 44750, 1262.33, 1252.36, 1268.03, 1245.85
VNIndex, 07/31/2022, 1252.74, 1206.33, 1257.38, 1206.33
VNIndex, 07/24/2022, 1206.33, 1191.43, 1217.84, 1178.58
VNIndex, 07/17/2022, 1194.76, 1179.25, 1202.69, 1168.99
VNIndex, 44841, 1179.25, 1171.31, 1189.66, 1144.55
VNIndex, 44627, 1171.31, 1206.47, 1208.96, 1142.80
VNIndex, 06/26/2022, 1198.90, 1185.48, 1221.74, 1170.95
VNIndex, 06/19/2022, 1185.48, 1218.37, 1221.60, 1162.06
VNIndex, 44901, 1217.30, 1284.08, 1284.08, 1191.92
VNIndex, 44687, 1284.08, 1287.98, 1316.78, 1260.92
VNIndex, 05/29/2022, 1287.98, 1285.45, 1302.66, 1276.37
VNIndex, 05/22/2022, 1285.45, 1240.71, 1286.99, 1203.28
VNIndex, 05/15/2022, 1240.71, 1182.77, 1252.96, 1156.54
VNIndex, 44778, 1182.77, 1329.26, 1329.26, 1180.60
VNIndex, 44566, 1329.26, 1366.11, 1366.39, 1328.13
VNIndex, 04/24/2022, 1366.80, 1379.23, 1382.13, 1261.40
VNIndex, 04/17/2022, 1379.23, 1458.56, 1458.56, 1352.43
VNIndex, 44838, 1458.56, 1482.00, 1490.58, 1448.52
VNIndex, 44624, 1482.00, 1516.44, 1530.95, 1482.00
VNIndex, 03/27/2022, 1516.44, 1498.50, 1516.87, 1473.80
VNIndex, 03/20/2022, 1498.50, 1474.78, 1513.90, 1474.38
VNIndex, 03/13/2022, 1469.10, 1466.54, 1474.86, 1437.27
VNIndex, 44715, 1466.54, 1505.33, 1505.33, 1458.88
VNIndex, 02/27/2022, 1505.33, 1498.89, 1509.19, 1479.55
VNIndex, 02/20/2022, 1498.89, 1504.84, 1520.78, 1473.76
VNIndex, 02/13/2022, 1504.84, 1501.71, 1507.99, 1470.06
VNIndex, 44714, 1501.71, 1478.96, 1512.88, 1478.96
VNIndex, 01/30/2022, 1478.96, 1478.96, 1478.96, 1478.96
VNIndex, 01/23/2022, 1478.96, 1472.89, 1490.45, 1424.36
VNIndex, 01/16/2022, 1472.89, 1496.02, 1503.86, 1424.65
VNIndex, 44805, 1496.02, 1528.48, 1536.45, 1464.49
VNIndex, 44593, 1528.48, 1508.55, 1536.24, 1507.19
